10 0.838609 0.0232063 0.134215 0.0457676
10 0.62102 0.60003 0.176815 0.100702
10 0.245242 0.601932 0.066671 0.0498435
10 0.625506 0.22969 0.108185 0.0743362
10 0.254677 0.544265 0.109247 0.0467382
10 0.362811 0.813371 0.125284 0.0553143
10 0.516162 0.36217 0.110278 0.0569071
10 0.48628 0.413605 0.11087 0.0508974
10 0.404677 0.734403 0.0719587 0.0361245
10 0.627417 0.161155 0.0743383 0.0460359
6 0.246678 0.948681 0.10552 0.0622263
3 0.0455012 0.396123 0.0910025 0.103835
10 0.0453436 0.839298 0.0376585 0.0269464
8 0.244942 0.951009 0.103219 0.0602055
3 0.461283 0.655493 0.108137 0.089546
10 0.31211 0.928533 0.0347626 0.0225241
7 0.787611 0.707497 0.0649361 0.0768447
6 0.0249691 0.706796 0.0499073 0.0505209
5 0.762396 0.941107 0.0393901 0.0282192
7 0.638338 0.784316 0.0362279 0.0259646
8 0.275985 0.185801 0.257963 0.0809172
3 0.32605 0.863515 0.0306431 0.0232899
10 0.62854 0.700054 0.0687434 0.0448677
1 0.477704 0.973251 0.0313704 0.0211048
9 0.722601 0.865849 0.0476108 0.0345665
8 0.0869207 0.759848 0.0902073 0.061057
3 0.278123 0.182394 0.26572 0.0974835
