5 0.827919 0.516359 0.141568 0.104244
0 0.149403 0.733685 0.161588 0.151737
0 0.025706 0.253234 0.0510382 0.0872419
8 0.346825 0.427834 0.173218 0.0974258
5 0.456467 0.383568 0.136382 0.099739
5 0.90829 0.693955 0.126069 0.0779951
0 0.717341 0.691417 0.311772 0.183829
0 0.450117 0.18574 0.0399634 0.0255671
0 0.98351 0.30344 0.0322632 0.0301089
2 0.503062 0.654436 0.150457 0.106118
0 0.477823 0.245685 0.0394305 0.0258485
5 0.272817 0.512985 0.144411 0.059529
5 0.343936 0.618749 0.151564 0.113553
8 0.273908 0.512535 0.147431 0.0569412
5 0.193034 0.199756 0.233296 0.0946792
8 0.28395 0.310926 0.269882 0.111228
0 0.982273 0.148026 0.0345177 0.031526
