6 0.980326 0.431682 0.0393473 0.044623
1 0.436189 0.770194 0.128385 0.136504
1 0.478766 0.89815 0.162001 0.129947
5 0.143068 0.615589 0.138088 0.116825
1 0.410201 0.454586 0.176619 0.141337
1 0.394254 0.166847 0.2103 0.166536
0 0.0707682 0.880043 0.141536 0.065173
1 0.41022 0.092148 0.179264 0.129671
6 0.699073 0.0971184 0.136689 0.102913
6 0.702137 0.191829 0.0313085 0.0295424
0 0.969554 0.0955341 0.0578542 0.045961
2 0.58785 0.644756 0.155681 0.114773
8 0.204475 0.827907 0.127544 0.0911533
0 0.238556 0.284481 0.0434919 0.0342013
9 0.690834 0.768431 0.034241 0.0308628
6 0.932735 0.156969 0.0457264 0.0485475
6 0.957123 0.559641 0.0855111 0.101998
0 0.232685 0.197101 0.049544 0.0379904
9 0.970876 0.941415 0.0571571 0.039838
8 0.143107 0.616285 0.131695 0.112609
2 0.408694 0.56817 0.23328 0.158392
5 0.200467 0.828657 0.134986 0.0910095
0 0.298989 0.366234 0.0473704 0.0332353
6 0.956445 0.580387 0.0859118 0.145725
